252  1
4.732051 3.403392 0.261799 12
3.000000 3.926991 0.261799 13
1.267949 4.450590 0.261799 14
1.267949 4.974188 0.261799 15
3.000000 5.497787 0.261799 16
4.732051 6.021386 0.261799 17
4.732051 6.544985 0.261799 18
3.000000 7.068583 0.261799 19
1.267949 7.592182 0.261799 20
1.267949 8.115781 0.261799 21
3.000000 8.639380 0.261799 22
4.732051 9.162979 0.261799 23
5.915064 9.686577 0.261799 24
3.750000 3.403392 0.785398 25
1.584936 3.926991 0.785398 26
1.584936 4.450590 0.785398 27
3.750000 4.974188 0.785398 28
5.915064 5.497787 0.785398 29
5.915064 6.021386 0.785398 30
3.750000 6.544985 0.785398 31
1.584936 7.068583 0.785398 32
1.584936 7.592182 0.785398 33
3.750000 8.115781 0.785398 34
5.915064 8.639380 0.785398 35
4.732051 9.162979 0.785398 36
3.000000 9.686577 0.785398 37
1.267949 3.403392 1.308997 38
1.267949 3.926991 1.308997 39
3.000000 4.450590 1.308997 40
4.732051 4.974188 1.308997 41
4.732051 5.497787 1.308997 42
3.000000 6.021386 1.308997 43
1.267949 6.544985 1.308997 44
1.267949 7.068583 1.308997 45
3.000000 7.592182 1.308997 46
4.732051 8.115781 1.308997 47
2.366025 8.639380 1.308997 48
1.500000 9.162979 1.308997 49
0.633975 9.686577 1.308997 50
0.633975 3.403392 1.832596 51
1.500000 3.926991 1.832596 52
2.366025 4.450590 1.832596 53
2.366025 4.974188 1.832596 54
1.500000 5.497787 1.832596 55
0.633975 6.021386 1.832596 56
0.633975 6.544985 1.832596 57
1.500000 7.068583 1.832596 58
2.366025 7.592182 1.832596 59
1.183013 8.115781 1.832596 60
0.750000 8.639380 1.832596 61
0.316987 9.162979 1.832596 62
0.316987 9.686577 1.832596 63
0.750000 3.403392 2.356194 64
1.183013 3.926991 2.356194 65
1.183013 4.450590 2.356194 66
0.750000 4.974188 2.356194 67
0.316987 5.497787 2.356194 68
0.316987 6.021386 2.356194 69
0.750000 6.544985 2.356194 70
1.183013 7.068583 2.356194 71
2.366025 7.592182 2.356194 72
1.500000 8.115781 2.356194 73
0.633975 8.639380 2.356194 74
0.633975 9.162979 2.356194 75
1.500000 9.686577 2.356194 76
2.366025 3.403392 2.879793 77
2.366025 3.926991 2.879793 78
1.500000 4.450590 2.879793 79
0.633975 4.974188 2.879793 80
0.633975 5.497787 2.879793 81
1.500000 6.021386 2.879793 82
2.366025 6.544985 2.879793 83
4.732051 7.068583 2.879793 84
3.000000 7.592182 2.879793 85
1.267949 8.115781 2.879793 86
1.267949 8.639380 2.879793 87
3.000000 9.162979 2.879793 88
4.732051 9.686577 2.879793 89
4.732051 3.403392 3.403392 90
3.000000 3.926991 3.403392 91
1.267949 4.450590 3.403392 92
1.267949 4.974188 3.403392 93
3.000000 5.497787 3.403392 94
4.732051 6.021386 3.403392 95
5.915064 6.544985 3.403392 96
3.750000 7.068583 3.403392 97
1.584936 7.592182 3.403392 98
1.584936 8.115781 3.403392 99
3.750000 8.639380 3.403392 100
5.915064 9.162979 3.403392 101
5.915064 9.686577 3.403392 102
3.750000 3.403392 3.926991 103
1.584936 3.926991 3.926991 104
1.584936 4.450590 3.926991 105
3.750000 4.974188 3.926991 106
5.915064 5.497787 3.926991 107
4.732051 6.021386 3.926991 108
3.000000 6.544985 3.926991 109
1.267949 7.068583 3.926991 110
1.267949 7.592182 3.926991 111
3.000000 8.115781 3.926991 112
4.732051 8.639380 3.926991 113
4.732051 9.162979 3.926991 114
3.000000 9.686577 3.926991 115
1.267949 3.403392 4.450590 116
1.267949 3.926991 4.450590 117
3.000000 4.450590 4.450590 118
4.732051 4.974188 4.450590 119
2.366025 5.497787 4.450590 120
1.500000 6.021386 4.450590 121
0.633975 6.544985 4.450590 122
0.633975 7.068583 4.450590 123
1.500000 7.592182 4.450590 124
2.366025 8.115781 4.450590 125
2.366025 8.639380 4.450590 126
1.500000 9.162979 4.450590 127
0.633975 9.686577 4.450590 128
0.633975 3.403392 4.974188 129
1.500000 3.926991 4.974188 130
2.366025 4.450590 4.974188 131
1.183013 4.974188 4.974188 132
0.750000 5.497787 4.974188 133
0.316987 6.021386 4.974188 134
0.316987 6.544985 4.974188 135
0.750000 7.068583 4.974188 136
1.183013 7.592182 4.974188 137
1.183013 8.115781 4.974188 138
0.750000 8.639380 4.974188 139
0.316987 9.162979 4.974188 140
0.316987 9.686577 4.974188 141
0.750000 3.403392 5.497787 142
1.183013 3.926991 5.497787 143
2.366025 4.450590 5.497787 150
1.500000 4.974188 5.497787 151
0.633975 5.497787 5.497787 152
0.633975 6.021386 5.497787 153
1.500000 6.544985 5.497787 154
2.366025 7.068583 5.497787 155
2.366025 7.592182 5.497787 156
1.500000 8.115781 5.497787 157
0.633975 8.639380 5.497787 158
0.633975 9.162979 5.497787 159
1.500000 9.686577 5.497787 160
2.366025 3.403392 6.021386 161
4.732051 3.926991 6.021386 162
3.000000 4.450590 6.021386 163
1.267949 4.974188 6.021386 164
1.267949 5.497787 6.021386 165
3.000000 6.021386 6.021386 166
4.732051 6.544985 6.021386 167
4.732051 7.068583 6.021386 168
3.000000 7.592182 6.021386 169
1.267949 8.115781 6.021386 170
1.267949 8.639380 6.021386 171
3.000000 9.162979 6.021386 172
4.732051 9.686577 6.021386 173
4.732051 0.261799 6.544985 174
3.000000 0.785398 6.544985 175
1.267949 1.308997 6.544985 176
1.267949 1.832596 6.544985 177
3.000000 2.356194 6.544985 178
4.732051 2.879793 6.544985 179
5.915064 3.403392 6.544985 180
3.750000 3.926991 6.544985 181
1.584936 4.450590 6.544985 182
1.584936 4.974188 6.544985 183
3.750000 5.497787 6.544985 184
5.915064 6.021386 6.544985 185
5.915064 6.544985 6.544985 186
3.750000 7.068583 6.544985 187
1.584936 7.592182 6.544985 188
1.584936 8.115781 6.544985 189
3.750000 8.639380 6.544985 190
5.915064 9.162979 6.544985 191
5.915064 9.686577 6.544985 192
3.750000 0.261799 7.068583 193
1.584936 0.785398 7.068583 194
1.584936 1.308997 7.068583 195
3.750000 1.832596 7.068583 196
5.915064 2.356194 7.068583 197
4.732051 2.879793 7.068583 198
3.000000 3.403392 7.068583 199
1.267949 3.926991 7.068583 200
1.267949 4.450590 7.068583 201
3.000000 4.974188 7.068583 202
4.732051 5.497787 7.068583 203
4.732051 6.021386 7.068583 204
3.000000 6.544985 7.068583 205
1.267949 7.068583 7.068583 206
1.267949 7.592182 7.068583 207
3.000000 8.115781 7.068583 208
4.732051 8.639380 7.068583 209
4.732051 9.162979 7.068583 210
3.000000 9.686577 7.068583 211
1.267949 0.261799 7.592182 212
1.267949 0.785398 7.592182 213
3.000000 1.308997 7.592182 214
4.732051 1.832596 7.592182 215
2.366025 2.356194 7.592182 216
1.500000 2.879793 7.592182 217
0.633975 3.403392 7.592182 218
0.633975 3.926991 7.592182 219
1.500000 4.450590 7.592182 220
2.366025 4.974188 7.592182 221
2.366025 5.497787 7.592182 222
1.500000 6.021386 7.592182 223
0.633975 6.544985 7.592182 224
0.633975 7.068583 7.592182 225
1.500000 7.592182 7.592182 226
2.366025 8.115781 7.592182 227
2.366025 8.639380 7.592182 228
1.500000 9.162979 7.592182 229
0.633975 9.686577 7.592182 230
0.633975 0.261799 8.115781 231
1.500000 0.785398 8.115781 232
2.366025 1.308997 8.115781 233
1.183013 1.832596 8.115781 234
0.750000 2.356194 8.115781 235
0.316987 2.879793 8.115781 236
0.316987 3.403392 8.115781 237
0.750000 3.926991 8.115781 238
1.183013 4.450590 8.115781 239
1.183013 4.974188 8.115781 240
0.750000 5.497787 8.115781 241
0.316987 6.021386 8.115781 242
0.316987 6.544985 8.115781 243
0.750000 7.068583 8.115781 244
1.183013 7.592182 8.115781 245
1.183013 8.115781 8.115781 246
0.750000 8.639380 8.115781 247
0.316987 9.162979 8.115781 248
0.316987 9.686577 8.115781 249
0.750000 0.261799 8.639380 250
1.183013 0.785398 8.639380 251
2.366025 1.308997 -1.000000 -1
1.500000 1.832596 8.639380 -1
0.633975 2.356194 8.639380 -1
0.633975 2.879793 8.639380 -1
1.500000 3.403392 8.639380 -1
2.366025 3.926991 8.639380 -1
2.366025 4.450590 8.639380 -1
1.500000 4.974188 8.639380 -1
0.633975 5.497787 8.639380 -1
0.633975 6.021386 8.639380 -1
1.500000 6.544985 8.639380 -1
2.366025 7.068583 8.639380 -1
2.366025 7.592182 8.639380 -1
1.500000 8.115781 8.639380 -1
0.633975 8.639380 8.639380 -1
0.633975 9.162979 8.639380 -1
1.500000 9.686577 8.639380 -1
2.366025 0.261799 9.162979 -1
